853
837
281
576
209
610
933
726
48
986
338
582
156
693
863
791
573
242
993
789
981
499
108
768
840
932
301
387
491
919
50
217
888
74
126
566
263
718
597
670
310
804
878
849
581
865
448
485
419
148
557
324
38
587
439
410
53
600
688
880
717
244
132
563
220
96
809
83
697
307
957
145
1000
416
549
5
705
708
144
270
927
480
285
890
952
295
951
14
706
516
752
357
122
622
910
896
984
473
478
864
956
296
730
379
642
754
59
799
372
272
975
170
240
208
359
875
601
510
435
586
35
635
434
312
702
476
332
474
616
8
422
267
57
385
184
392
872
201
101
60
495
895
147
686
397
894
317
177
181
835
767
20
807
69
796
454
232
617
54
247
914
710
815
24
337
571
812
482
114
169
763
363
698
731
544
26
290
198
12
989
629
234
735
656
243
277
78
917
699
445
595
68
90
394
155
674
418
300
727
200
511
40
207
531
944
447
483
526
769
636
268
371
916
679
838
968
560
843
569
294
879
110
149
100
382
346
135
545
245
136
591
159
460
369
839
885
367
406
947
426
928
912
866
942
51
344
187
816
785
530
185
643
479
339
255
818
286
678
778
830
551
876
825
983
180
750
227
929
1
634
358
258
224
494
538
411
696
70
973
907
7
661
667
56
701
381
351
632
63
216
535
183
488
654
743
361
877
140
709
452
76
146
420
700
707
125
16
884
475
631
413
98
974
395
498
128
143
152
870
210
614
308
455
62
109
528
319
496
826
167
378
423
908
196
925
949
655
871
782
540
653
52
322
131
955
269
734
279
613
477
197
179
327
202
641
402
961
292
758
649
453
80
456
194
886
659
536
64
44
305
854
841
360
85
930
283
811
922
153
160
966
386
82
189
677
644
746
771
787
438
141
335
373
313
287
777
212
738
728
596
408
254
776
123
116
375
572
900
451
333
845
589
271
91
4
441
120
46
716
946
672
675
650
142
820
794
430
902
684
71
937
814
819
792
958
293
214
331
889
603
901
836
88
652
429
203
842
543
468
436
940
278
625
282
662
898
732
844
33
399
130
127
342
442
821
765
81
788
954
154
507
490
943
383
431
607
465
345
852
764
463
503
162
542
17
550
999
775
504
882
458
945
626
309
848
428
264
364
55
157
939
689
421
524
755
398
547
887
723
487
261
620
539
514
533
158
559
506
368
948
574
936
77
715
648
813
724
250
21
745
251
95
104
343
252
913
633
192
671
43
980
683
860
988
93
459
92
934
736
370
253
204
315
611
959
188
266
365
873
637
221
257
115
467
325
66
995
409
321
401
990
328
905
11
28
598
964
213
931
323
489
757
618
772
556
753
446
106
711
248
976
733
119
166
965
246
760
998
609
823
802
793
859
612
47
883
284
469
977
660
578
303
828
274
84
580
230
805
585
714
740
911
118
350
719
151
390
75
417
41
725
685
801
594
669
501
619
657
299
766
349
347
377
779
741
810
923
275
960
899
171
174
137
87
42
67
241
546
969
548
784
561
987
99
971
219
440
348
139
577
336
941
161
749
289
412
627
334
891
909
824
926
979
682
107
505
199
967
978
588
832
102
356
206
388
704
522
638
176
472
827
223
605
39
833
9
134
259
579
935
163
770
318
79
834
314
49
218
129
306
61
921
647
846
329
590
692
405
963
665
537
229
462
529
712
646
226
558
831
695
519
722
972
165
737
37
150
407
19
231
22
443
621
985
523
748
260
112
265
193
432
352
396
320
25
117
486
509
330
892
466
302
920
664
280
673
862
950
800
164
172
72
298
851
190
640
113
847
256
288
774
773
15
464
18
86
73
690
34
994
565
94
186
599
564
182
651
236
29
615
470
340
628
806
639
554
552
2
355
897
366
497
424
517
857
568
584
374
493
58
437
211
575
797
532
133
829
525
759
803
393
6
747
624
855
676
276
938
362
592
353
527
415
238
893
553
205
790
13
233
515
173
175
663
404
593
608
630
869
721
316
45
481
31
751
502
380
906
861
534
168
798
111
521
680
450
89
384
756
691
795
720
562
376
178
681
425
414
817
762
249
492
36
874
604
403
518
867
512
904
602
291
311
195
687
850
520
953
513
729
970
918
341
761
124
304
881
742
645
191
103
658
570
858
427
962
297
471
991
225
694
237
354
239
567
992
449
996
228
541
982
744
433
222
703
391
903
10
555
666
27
23
32
326
924
105
606
235
997
739
273
457
713
3
786
781
623
444
400
856
915
30
500
97
215
808
389
668
484
461
780
508
121
262
65
783
822
868
583
138
